0 624
1 1300
2 1713
3 2284
4 1119
5 2018
6 1216
7 2163
8 1275
9 1282
10 480
11 46
12 2343
13 224
14 395
15 1893
16 743
17 1146
18 48
19 1624
20 1214
21 1995
22 2066
23 1561
24 2351
25 503
26 577
27 1802
28 1959
29 423
30 940
31 1094
32 735
33 253
34 1609
35 103
36 235
37 1336
38 2512
39 268
40 927
41 2519
42 343
43 2162
44 686
45 1282
46 1203
47 1867
48 943
49 2406
50 656
51 897
52 333
53 1030
54 1424
55 1248
56 814
57 701
58 2461
59 2124
60 478
61 1309
62 561
63 234
64 101
65 2191
66 153
67 1626
68 1781 2222
69 1047
70 597
71 1029
72 439
73 425
74 648
75 415
76 1005
77 905
78 996
79 432
80 1766
81 1897 578
82 195
83 957
84 1241
85 1047
86 2264
87 71
88 82
89 469
90 1699
91 840
92 610
93 960
94 783
95 276
96 852
97 773
98 453
99 1400
100 1043
101 527
102 1865
103 2059
104 1159
105 701
106 777
107 170
108 1712
109 1291
110 964
111 666
112 1650
113 153
114 563
115 54
116 1571
117 1484
118 487
119 808
120 722
121 407 407
122 1926
123 606
124 2162
125 1415
126 2106 563 1152
127 1735
128 777
129 2307
130 2367
131 1808
132 2011
133 2403
134 1137
135 2181
136 2193
137 239 1275
138 1106
139 2437
140 2110
141 2011
142 2387
143 2011
144 2482
145 1598
146 2007
147 110
148 857
149 1175
150 2011
151 701
152 1158
153 814
154 1005
155 1275
156 2484
157 1598
158 1158
159 1412
160 1241
161 1479
162 2209
163 234
164 2380
165 1874
166 2373
167 1815
168 2076
169 751
170 2375
171 304
172 2466
173 1481
174 1041
175 1505
176 1109
177 2308
178 2324
179 592 1743
180 93 1241
181 1443
182 2511
183 1766
184 359
185 1163 2158
186 2114
187 2237
188 2256
189 1699
190 1372
191 1214
192 733
193 453
194 1730
195 1524
196 1965 701
197 1106
198 681
199 617 2230
200 2276
201 1237
202 2350
203 351
204 1540
205 378
206 672
207 2182
208 1530
209 1703
210 1272
211 2077 481
212 1193
213 1062
214 1346
215 1524
216 546
217 1747
218 2330
219 1390
220 1250
221 1671
222 1589
223 2249
224 1791
225 635
226 929
227 147
228 40
229 2089
230 2476
231 1451
232 144
233 244
234 756
235 1626
236 1456
237 2356
238 2116
239 2188
240 2076
241 512
242 1270
243 70
244 935
245 2140
246 635
247 1536
248 2395
249 1397
250 2297
251 1619
252 1451
253 729
254 153
255 1903
256 427
257 1813
258 393
259 534
260 1049
261 2402
262 1112
263 1187
264 1009
265 1305
266 1521
267 2239
268 901
269 1653
270 188
271 2135
272 1518
273 2342
274 296
275 927
276 940
277 2169
278 731
279 1043
280 866
281 998
282 1024
283 1757
284 1797
285 2202
286 446
287 990
288 883
289 1869
290 1520
291 1670
292 1424
293 1152
294 124
295 532
296 2061
297 1808
298 2413
299 1676
300 2471
301 1109
302 1102
303 1376
304 1136
305 2382 523
306 2279
307 997
308 1595
309 87
310 7
311 1909
312 610
313 498
314 1222
315 793
316 1412
317 1890
318 1182
319 1394
320 2335
321 1533
322 75
323 712
324 701
325 1178
326 2225
327 2007
328 652 716
329 1315
330 1608
331 34
332 125
333 577
334 2328
335 82
336 1633
337 970
338 635
339 1662
340 1724
341 2116
342 1590
343 1528
344 752
345 214
346 939
347 508
348 443
349 311
350 829
351 1193
352 1262
353 701
354 1229
355 174
356 1597
357 530
358 276
359 1622
360 2295
361 2182
362 517
363 548
364 2045
365 450
366 546
367 1272
368 2397
369 2221
370 2079
371 933
372 1008
373 701
374 159
375 127
376 2097
377 2382
378 2343
379 978
380 1925
381 777 2046
382 2282
383 415
384 905
385 2077
386 2441
387 2350
388 1598
389 1043
390 1837
391 1737
392 1310
393 1537
394 1837
395 79
396 324
397 1416
398 1187
399 1604
400 701
401 1219
402 415
403 1609
404 334
405 543
406 1221
407 1606
408 358
409 1717
410 437 437 437
411 701
412 1153
413 1043
414 47
415 429
416 1651
417 1403
418 2350
419 1486
420 2268
421 285
422 2471
423 2029
424 905
425 1136
426 952
427 51
428 1598
429 1732
430 1287
431 1959
432 1410
433 929
434 2077
435 1618
436 833
437 394
438 1225
439 1834
440 1662
441 1031
442 1855
443 1030
444 1629
445 224
446 1909
447 940
448 357
449 2264
450 998
451 701
452 35
453 234
454 1043
455 1592
456 2105
457 1412
458 1055
459 224 497 521
460 1039
461 1097
462 1146
463 610
464 1295
465 2054
466 1031
467 2004
468 1129
469 913
470 2115
471 1793
472 223
473 1650
474 2292
475 976
476 939 939
477 822
478 79
479 2083 2083
480 1344
481 2471
482 1709
483 2397
484 1294 1023
485 2464
486 285
487 2402
488 31
489 1282
490 1869
491 1172
492 1896
493 1938
494 274
495 2015
496 1182
497 310
498 2285
499 1111
500 2426
501 2261
502 274
503 2046
504 2350
505 2161
506 180
507 2387
508 2149
509 858
510 2075
511 1916
512 1494
513 424
514 1989
515 2415
516 2450
517 2118
518 546
519 123
520 153
521 1178
522 1120
523 918
524 77
525 2232
526 256
527 2413 1858
528 101
529 808
530 2143
531 779
532 701
533 2132
534 1198
535 1992
536 548 75
537 1424
538 2370
539 1079
540 307
541 288
542 2058
543 1152
544 1193
545 1563
546 1909
547 638
548 1081
549 1292 952
550 155
551 703
552 1751
553 2256
554 1282
555 1625
556 1244
557 1234
558 1837 427
559 1032
560 1662
561 2225 2234
562 739
563 1689
564 1615
565 1329 308
566 764
567 1282
568 1174 331
569 2402
570 2364
571 1760
572 1152
573 291
574 773
575 317
576 1838 2325
577 2191
578 1606
579 1735
580 1859
581 2124 418
582 47
583 918
584 1946
585 1702
586 1930
587 1424
588 82
589 1845 1848
590 1058
591 1306
592 1135
593 868
594 74
595 891
596 1357
597 2402
598 1021
599 1855
600 1992 1992
601 704
602 2203
603 701
604 2123
605 486
606 2124
607 316
608 739
609 1070
610 827
611 1757
612 494
613 1563
614 2121
615 1657
616 612
617 1680
618 2227
619 2318
620 1282
621 1661
622 754
623 1224
624 1174
625 1571
626 1837
627 534
628 701
629 197
630 288
631 1509
632 701
633 1262
634 1350
635 2277
636 1448
637 515
638 1490 115
639 300
640 992
641 2494
642 508
643 1614
644 446
645 1699
646 1782
647 689
648 1422
649 1152
650 1824
651 339
652 389
653 2182
654 2086
655 913
656 1680
657 1699
658 2039
659 343
660 731 1855
661 1848
662 170
663 793
664 881
665 2015
666 1700
667 2225
668 2234
669 1736
670 758
671 1235
672 1472
673 109
674 650
675 557
676 2381
677 2342
678 2427
679 2207
680 1801
681 688
682 1527
683 566
684 1735
685 1424
686 1872
687 1511
688 1991
689 608
690 1702
691 2197
692 1354
693 125
694 660
695 2006
696 726
697 1418
698 2270
699 384
700 2412
701 2039
702 1526
703 1136
704 714
705 1057 2310 2320
706 1660
707 1903
708 1394
709 866
710 146
711 1253
712 645
713 328
714 1353
715 1817
716 1424
717 360 1467
718 1469
719 1028
720 2391
721 2343
722 1896
723 1811
724 2228
725 47
726 224
727 1122
728 134
729 2092
730 1203
731 446
732 2011
733 74
734 260
735 1304
736 427
737 1751
738 1815
739 629
740 40
741 734
742 2203
743 246
744 276
745 2295
746 2475
747 287
748 701
749 827
750 234
751 418
752 1765
753 1392
754 234
755 2194
756 309
757 2066
758 1117
759 273
760 2353 427
761 565
762 1043
763 904
764 2392
765 530
766 78
767 63
768 1054
769 227
770 483
771 1155
772 2124
773 1618
774 936
775 65
776 2404
777 2350
778 2309
779 485
780 500
781 562
782 1412
783 866
784 1850
785 773
786 1797
787 1869
788 783
789 304
790 99
791 1042
792 1780
793 1757
794 947
795 1470
796 346
797 1448
798 1494
799 911 590
800 1640
801 1839
802 571
803 740
804 1198
805 701
806 2055
807 748
808 2315
809 2433
810 1013
811 1095
812 1916
813 701
814 1364
815 701
816 1435
817 1406
818 181
819 1771
820 1079
821 2176
822 789
823 145
824 0
825 745
826 2055
827 421
828 1541
829 2216
830 2218
831 180
832 548
833 1959
834 920
835 1650
836 1141
837 1522
838 2452
839 1001
840 2066
841 1998
842 2401
843 1570
844 427
845 992
846 2180
847 1948
848 858
849 153
850 463
851 2044
852 1702
853 2471
854 2361
855 2460
856 2349
857 620
858 1615
859 637
860 103
861 270
862 2154
863 2226
864 1285
865 1848
866 1137
867 1650
868 224
869 1269
870 757
871 1303
872 1831
873 862
874 153
875 1424
876 224
877 2182
878 1999
879 646
880 808
881 1615
882 427
883 809
884 286
885 806
886 427
887 2447
888 1978
889 1247
890 1149
891 1136
892 299
893 1424
894 1215
895 1183
896 459 1722
897 1457
898 458
899 919
900 2263
901 1491 919
902 541
903 1244
904 571
905 1600
906 1978
907 342
908 239
909 781
910 1165
911 1959
912 846
913 1197
914 45
915 469
916 1702
917 2460
918 685
919 1845
920 1741
921 1572
922 1968
923 1680
924 1831
925 2517
926 2389
927 2470
928 1634
929 1334
930 1214
931 2408
932 2469
933 1884
934 957
935 1699
936 836
937 657
938 2184
939 356 320
940 458
941 1262
942 604
943 1779
944 1474
945 1855
946 1424 2450
947 866
948 838
949 78
950 2473
951 238
952 609
953 1305
954 2300
955 1023
956 311
957 2288
958 1522
959 1869 2376
960 116
961 845
962 70
963 225
964 100
965 1167
966 1182
967 417
968 233
969 1937
970 1472
971 613
972 1894
973 474
974 1486
975 2343
976 1290
977 1364
978 153
979 626
980 1169
981 1948
982 770
983 1178
984 713
985 2343
986 2077
987 1814
988 462 786
989 1165
990 41 1193
991 2454
992 1632
993 2105
994 1282
995 2
996 1596
997 1427
998 2049
999 2157
1000 912
1001 2017
1002 1791
1003 611
1004 1214
1005 360
1006 935
1007 701
1008 706
1009 1262
1010 1804
1011 1589
1012 1702
1013 418
1014 1666
1015 139
1016 1619
1017 1414
1018 90
1019 302
1020 1593
1021 855
1022 672
1023 2397
1024 523
1025 745
1026 1193
1027 2046
1028 1067
1029 1752
1030 2011
1031 418
1032 1882
1033 2230
1034 1120
1035 2105
1036 410
1037 263
1038 19
1039 2398
1040 77
1041 1364
1042 1380
1043 866
1044 2319
1045 1286
1046 599
1047 2343
1048 205
1049 1109
1050 1662
1051 1121
1052 1353
1053 1158
1054 1368
1055 1959
1056 410
1057 773
1058 1005
1059 2046
1060 1878
1061 391
1062 2175
1063 1301
1064 1032
1065 1606
1066 2109
1067 446
1068 446
1069 1412
1070 288
1071 1659
1072 1151
1073 270
1074 667
1075 89
1076 1573
1077 1724
1078 49
1079 1978
1080 1465
1081 750
1082 249
1083 955
1084 237
1085 1187
1086 2503
1087 600
1088 1989
1089 2166
1090 1854 913
1091 1120 1223
1092 1282
1093 1555
1094 284
1095 1076
1096 664
1097 2197
1098 1985
1099 2298
1100 844
1101 90
1102 613
1103 398
1104 1043
1105 2448
1106 2037 2518
1107 1204
1108 1588
1109 233
1110 951
1111 1152
1112 1184
1113 1909
1114 833
1115 1478
1116 2105
1117 354
1118 2411
1119 1152
1120 1278
1121 1742
1122 484
1123 1491
1124 2105
1125 198
1126 1256
1127 1760
1128 1891
1129 580
1130 1035
1131 153
1132 2484
1133 1268
1134 248
1135 1394
1136 706
1137 2125
1138 492
1139 2007
1140 1044
1141 2263
1142 410
1143 707
1144 187
1145 1652 1556
1146 389
1147 1734
1148 1702
1149 938
1150 1005
1151 2397
1152 2343
1153 1699
1154 2199
1155 2450
1156 1976
1157 1661
1158 2296
1159 1432 1310
1160 1005
1161 367
1162 1681
1163 701
1164 102
1165 2361
1166 2230 2074
1167 78
1168 1353
1169 1837
1170 1045
1171 124
1172 1489
1173 2475
1174 1139
1175 1044
1176 1384
1177 774
1178 1556
1179 703
1180 1602
1181 683
1182 374
1183 101
1184 1774
1185 309
1186 205
1187 1209
1188 187
1189 1892
1190 1878
1191 1793
1192 1924
1193 1004
1194 2053
1195 153
1196 1881
1197 1777
1198 2410
1199 2301
1200 1321
1201 1742
1202 81
1203 1005
1204 2013
1205 1661
1206 1306
1207 523 761
1208 1869
1209 1840
1210 1598
1211 1282
1212 1795
1213 866
1214 777
1215 95
1216 991
1217 233
1218 927
1219 43
1220 714
1221 1848
1222 1478
1223 561
1224 701
1225 2450
1226 2105
1227 78
1228 2290
1229 2343 1479 2241 427
1230 391
1231 2378
1232 579
1233 1255
1234 2398
1235 2048
1236 596
1237 1476
1238 515
1239 1383
1240 2199
1241 1269
1242 43
1243 874
1244 2077
1245 1166
1246 2264
1247 1091
1248 2208
1249 1698
1250 1640
1251 1650
1252 2241
1253 1702
1254 2227
1255 1218
1256 1755
1257 408
1258 1178
1259 2471
1260 2374
1261 2251
1262 1209
1263 1744
1264 916
1265 374
1266 850
1267 106
1268 1424
1269 1033
1270 1993
1271 1405
1272 495
1273 2067
1274 750
1275 645
1276 1424
1277 1938
1278 1771
1279 120
1280 919
1281 1424
1282 1969
1283 343
1284 2265
1285 114
1286 1965
1287 820
1288 561
1289 798
1290 1869
1291 2110
1292 1214
1293 1805
1294 656
1295 2471
1296 1518
1297 2124
1298 2124
1299 1932
1300 246
1301 1765
1302 1282
1303 1483
1304 1136
1305 701
1306 418
1307 471
1308 1295
1309 927
1310 2042
1311 828
1312 2015
1313 1829
1314 976
1315 2456
1316 2049
1317 1907
1318 772
1319 1333
1320 582 2039
1321 1170
1322 918
1323 2516
1324 2471
1325 513
1326 358
1327 325
1328 1017
1329 2336
1330 1459
1331 1752
1332 335
1333 1023
1334 2450
1335 745
1336 1867
1337 1214
1338 2146
1339 1869
1340 268
1341 511
1342 1619
1343 251
1344 1760
1345 1785
1346 1043
1347 1950
1348 70
1349 1591
1350 132
1351 1678
1352 1875
1353 1205
1354 1385
1355 360
1356 2402
1357 239
1358 681
1359 2235
1360 1572
1361 1659
1362 1702
1363 1938
1364 2222
1365 827
1366 296
1367 301
1368 1621
1369 2299
1370 2370
1371 2419
1372 1358
1373 405
1374 472
1375 851
1376 1176
1377 2066
1378 2061
1379 21
1380 1206
1381 245
1382 2380
1383 837
1384 2230
1385 1639
1386 1448
1387 2145
1388 1663
1389 1414
1390 1959
1391 645
1392 881
1393 666
1394 147
1395 1254
1396 1005
1397 650
1398 433
1399 241
1400 1557
1401 1916
1402 617
1403 1509
1404 1964
1405 205
1406 2117
1407 38
1408 1434
1409 904
1410 1609
1411 1124
1412 1087
1413 1523
1414 2105
1415 1410
1416 1918
1417 1225
1418 1717
1419 1407
1420 2070
1421 1431
1422 546
1423 2492 1575
1424 185
1425 233 812
1426 60 2441
1427 1646
1428 1596
1429 1956
1430 1896
1431 54
1432 725
1433 2140
1434 1591
1435 2214
1436 2406
1437 1182
1438 826
1439 1878
1440 2230
1441 1144
1442 1043
1443 2053
1444 110
1445 1909
1446 777
1447 2012
1448 891
1449 1182
1450 613
1451 564
1452 343
1453 1650
1454 1282 2222
1455 95
1456 822
1457 1523
1458 1934
1459 2211
1460 2477
1461 1028
1462 767
1463 1394
1464 701 427
1465 1948
1466 1079
1467 2035
1468 1490
1469 336
1470 2317
1471 1668
1472 574
1473 1111
1474 2011
1475 225
1476 2199
1477 2019
1478 117
1479 1282
1480 2243
1481 1235
1482 701
1483 1158
1484 2337
1485 2119
1486 55
1487 1974
1488 172
1489 135
1490 1840
1491 989
1492 2450 2061
1493 1959
1494 2183
1495 2053
1496 668
1497 1869
1498 2241
1499 610
1500 2175
1501 1770
1502 2414
1503 1961
1504 2343
1505 2450
1506 1336
1507 720
1508 1002
1509 47
1510 1178
1511 100
1512 1996
1513 350
1514 866
1515 2452
1516 2222
1517 2295
1518 1909
1519 2283
1520 2462
1521 1282 427
1522 1619
1523 920
1524 1712
1525 1214
1526 859
1527 1727
1528 1291
1529 282
1530 2059
1531 940
1532 1996 1665
1533 2402
1534 1817
1535 985
1536 1735
1537 2452
1538 2151
1539 1286
1540 1559
1541 2409
1542 615
1543 701
1544 562
1545 2105
1546 1023
1547 2459
1548 2215
1549 1176
1550 153
1551 1412
1552 2251
1553 1801
1554 1030
1555 1935
1556 1546
1557 2343
1558 1932
1559 1479
1560 2392 2046
1561 534
1562 1869
1563 2511
1564 1382
1565 635
1566 541
1567 1836
1568 1806
1569 884
1570 1152
1571 546
1572 299
1573 2478
1574 1769
1575 1228
1576 57
1577 1374
1578 2397
1579 172
1580 238
1581 645
1582 1175
1583 1450
1584 866
1585 1806
1586 231
1587 973
1588 1782
1589 100
1590 1532
1591 2343
1592 1369
1593 311
1594 381
1595 1594
1596 1526
1597 1108
1598 1231
1599 205
1600 2152
1601 1002
1602 1741
1603 540
1604 973
1605 1209
1606 1945
1607 1424
1608 1282
1609 738
1610 484
1611 937
1612 124
1613 10
1614 1235
1615 645
1616 311
1617 205
1618 1707
1619 186
1620 1214
1621 797
1622 31
1623 2141
1624 1725
1625 1193
1626 2341
1627 2239
1628 654
1629 2191
1630 1713
1631 830
1632 701
1633 360
1634 427
1635 2066
1636 2171
1637 1667
1638 919
1639 573
1640 1032
1641 442
1642 1577
1643 160
1644 2198
1645 2072
1646 1802
1647 918
1648 348 1580
1649 1702
1650 262 1334
1651 318
1652 1758
1653 1516
1654 1585
1655 1187
1656 878
1657 1479
1658 1347
1659 2079
1660 2096
1661 929
1662 1394
1663 219
1664 27
1665 1192
1666 1679
1667 2397
1668 1965
1669 196
1670 2103
1671 2428
1672 1465
1673 2350
1674 1745
1675 2450 1631
1676 2309
1677 1193
1678 469
1679 1662
1680 1108
1681 765
1682 414
1683 100
1684 2376
1685 453
1686 918
1687 1857
1688 2370
1689 866
1690 612
1691 1146
1692 1848
1693 1654
1694 701
1695 324
1696 705
1697 1238
1698 2248 1280
1699 2062
1700 2136
1701 1172
1702 1412
1703 814
1704 2049
1705 2234
1706 1869
1707 2333
1708 1364
1709 2361
1710 2452
1711 616
1712 2450
1713 918
1714 155
1715 587
1716 169
1717 1558 1837
1718 1649
1719 1502
1720 200
1721 701
1722 2463
1723 1644
1724 1043
1725 2104
1726 1286
1727 1702
1728 2500
1729 807
1730 2288
1731 848
1732 820
1733 703
1734 500
1735 531
1736 913
1737 6
1738 1831
1739 100
1740 281
1741 2011
1742 427
1743 2180
1744 2397
1745 2319
1746 1550
1747 12
1748 1869
1749 1201
1750 427
1751 2193
1752 1209
1753 1214
1754 821
1755 2230
1756 1996
1757 935
1758 1465
1759 100
1760 2116
1761 2514
1762 2406
1763 1409
1764 1930
1765 820
1766 410
1767 1991
1768 1189
1769 2062
1770 706
1771 2232
1772 1155
1773 2369
1774 783 783
1775 1868
1776 1424
1777 1098
1778 1203
1779 2189
1780 1515
1781 65
1782 360
1783 1559
1784 418
1785 534
1786 2350 1590
1787 515
1788 2392
1789 2054
1790 2343
1791 2079 852 1869
1792 1702
1793 1276
1794 2508 491 1568
1795 1509
1796 2079
1797 627
1798 427
1799 2412
1800 1842
1801 1907
1802 2095
1803 1002
1804 1332
1805 18
1806 1510
1807 70
1808 670
1809 1424
1810 2264
1811 1123
1812 372
1813 252
1814 1749
1815 2007
1816 1619
1817 818
1818 1231
1819 1894
1820 189
1821 551
1822 736
1823 2197
1824 1735
1825 1596
1826 602
1827 1339
1828 879
1829 104
1830 622 62
1831 1616
1832 1861
1833 339
1834 1837
1835 1480
1836 1136
1837 242
1838 1222
1839 2011
1840 66
1841 198
1842 1652
1843 1579
1844 893
1845 201
1846 1909
1847 583
1848 2513
1849 1084
1850 447
1851 13
1852 1644
1853 2449
1854 418
1855 2230
1856 1572 19
1857 1193
1858 1611
1859 924
1860 1246
1861 1713
1862 1084
1863 706
1864 1060
1865 170
1866 583
1867 1943
1868 2210
1869 1952
1870 1230
1871 1170
1872 790
1873 546
1874 813
1875 1763
1876 1240
1877 2263
1878 620
1879 1312
1880 2111
1881 1493
1882 1607
1883 1319
1884 934
1885 2135
1886 880
1887 1394
1888 1097
1889 2397
1890 1598
1891 1557
1892 1152
1893 205
1894 1531
1895 191
1896 1464
1897 2490
1898 32
1899 291
1900 2399
1901 635
1902 1478
1903 706
1904 2011
1905 946
1906 1214
1907 1289
1908 2387
1909 1614
1910 1360
1911 637
1912 1181
1913 1282
1914 2343
1915 1005
1916 1970
1917 1136
1918 1625
1919 2361
1920 672
1921 1043
1922 2392
1923 302
1924 866
1925 446 2272 635
1926 973
1927 490
1928 2471
1929 106
1930 1063
1931 2116
1932 2514
1933 1275
1934 229
1935 2233
1936 1837
1937 427
1938 814
1939 1220
1940 1136
1941 742
1942 382
1943 150
1944 1769
1945 773
1946 2197
1947 2105
1948 998
1949 7
1950 100
1951 1313
1952 1764
1953 1840
1954 1214
1955 1549
1956 355
1957 2343
1958 1013
1959 827
1960 787
1961 1436
1962 2064
1963 1967
1964 323
1965 594
1966 1730
1967 2477
1968 86
1969 1461
1970 567
1971 1169
1972 243
1973 1002
1974 1217
1975 2469
1976 1214
1977 2156
1978 151 2124 1307
1979 1626
1980 1942
1981 1940
1982 723
1983 2517
1984 304
1985 1824
1986 1124
1987 2241
1988 2255
1989 2190
1990 1245
1991 1412
1992 1419
1993 183
1994 209
1995 1043
1996 524
1997 1178
1998 941
1999 2392
2000 205
2001 340
2002 2234
2003 2480
2004 2061
2005 1806
2006 872
2007 2149
2008 1466
2009 2090
2010 1058
2011 476
2012 1425
2013 783
2014 2190
2015 295
2016 1956
2017 664
2018 1005
2019 1282
2020 554 1043
2021 923
2022 913
2023 2321
2024 1282
2025 77
2026 2136
2027 935
2028 1723
2029 1452 1689 153
2030 1091
2031 246
2032 730
2033 1094
2034 2160
2035 2403
2036 645
2037 1661
2038 2286
2039 1266 904
2040 1308
2041 1736
2042 246
2043 1959
2044 359
2045 276
2046 2319
2047 167
2048 1679
2049 1043
2050 1374
2051 1856
2052 1424
2053 657
2054 32
2055 2155
2056 101
2057 1966
2058 1910
2059 1465
2060 1518
2061 933
2062 2124
2063 177
2064 2498
2065 1701
2066 588
2067 891
2068 233
2069 99
2070 16
2071 326
2072 446
2073 2001
2074 940
2075 2414
2076 137
2077 2151
2078 1974
2079 1787
2080 2014
2081 645
2082 2227
2083 78
2084 1043
2085 1424
2086 728
2087 2364
2088 744
2089 2358
2090 2397
2091 1043
2092 250
2093 1544
2094 985
2095 406
2096 808
2097 312
2098 1345 2429 1839
2099 2302
2100 397
2101 1833
2102 1860
2103 308
2104 153
2105 2421 1556
2106 1444
2107 205
2108 481
2109 1801
2110 2105
2111 1609
2112 235
2113 1389
2114 1707
2115 407
2116 904
2117 418 418
2118 2071
2119 1878
2120 2343
2121 1801
2122 233
2123 1875
2124 1214
2125 1424
2126 53
2127 1640
2128 1703
2129 170
2130 1166 2057
2131 2339 1596 1596
2132 2337
2133 2367
2134 1797
2135 233
2136 1016
2137 1868
2138 817
2139 812
2140 1691
2141 973
2142 1453
2143 1831
2144 300
2145 768
2146 509
2147 1127
2148 783
2149 508
2150 1509
2151 920
2152 635
2153 1805
2154 1371
2155 2105 2068
2156 1574
2157 2386
2158 1060
2159 972
2160 205
2161 37
2162 1424
2163 2495
2164 2350
2165 824
2166 1848
2167 692
2168 863
2169 1412
2170 427
2171 269
2172 152
2173 1364 201
2174 427
2175 261
2176 70
2177 1840
2178 2258
2179 275 927
2180 418
2181 1310
2182 2341
2183 1424
2184 1892
2185 583
2186 2236
2187 701
2188 1311
2189 993
2190 1364
2191 1158
2192 745
2193 432
2194 567
2195 2263
2196 437
2197 1004
2198 1909
2199 1730
2200 1421
2201 1337
2202 1766
2203 1337
2204 1152
2205 2485
2206 532
2207 1451
2208 1465
2209 1187
2210 840
2211 2323
2212 2105
2213 77
2214 2299
2215 866
2216 1045
2217 1472
2218 1770
2219 2086
2220 692
2221 2031
2222 1470
2223 1152
2224 2036
2225 2282
2226 532
2227 1214
2228 1386
2229 376
2230 1752
2231 526
2232 2147
2233 88
2234 934
2235 2053
2236 2274
2237 1335
2238 895
2239 1002
2240 594
2241 2294
2242 1564 1988
2243 1018
2244 1277
2245 1193
2246 1601
2247 2361
2248 1845
2249 2198
2250 2343
2251 876
2252 2011
2253 866
2254 2425
2255 2010
2256 1650
2257 908
2258 701
2259 810
2260 899
2261 1178
2262 2350
2263 2424
2264 1424
2265 1020
2266 1576
2267 980
2268 440
2269 98
2270 1880
2271 1293
2272 1720
2273 1936
2274 554
2275 2008
2276 29
2277 701
2278 2068
2279 2107
2280 635
2281 1837
2282 1702
2283 2272
2284 1063
2285 959
2286 1109
2287 831
2288 1555
2289 1680
2290 1262 2068
2291 2236
2292 839
2293 2126
2294 274
2295 1745
2296 2264
2297 201
2298 687
2299 1833
2300 737
2301 1178
2302 371
2303 1598
2304 1217
2305 2495
2306 773
2307 1699
2308 1310
2309 301
2310 2001
2311 1274
2312 90
2313 1432
2314 2482
2315 1359
2316 777
2317 959
2318 999
2319 1043
2320 864
2321 1364
2322 2396 330
2323 86
2324 635
2325 1282
2326 1341
2327 1598
2328 140
2329 1232
2330 1661
2331 1713
2332 487
2333 2011
2334 100
2335 2397
2336 1667
2337 479
2338 1136
2339 2398
2340 1627
2341 650
2342 235
2343 1207
2344 1421
2345 1994
2346 1047
2347 2230
2348 2400
2349 745
2350 95
2351 866
2352 211
2353 2180
2354 1959
2355 940
2356 42
2357 1845
2358 741
2359 2260
2360 1584
2361 757
2362 2264
2363 1624
2364 2309
2365 534
2366 427
2367 289
2368 1282
2369 1767
2370 1152
2371 2030
2372 1808
2373 1061
2374 2397
2375 1678
2376 1702
2377 1045
2378 1660
2379 2493
2380 506
2381 1136
2382 1609
2383 1597
2384 1245
2385 159
2386 1451 737
2387 927
2388 1586
2389 1609
2390 1190
2391 634
2392 2284
2393 1196
2394 1869
2395 2219
2396 1043
2397 565
2398 2046
2399 615
2400 554
2401 1043
2402 952
2403 1529
2404 2222
2405 450
2406 78
2407 672
2408 2076
2409 1497
2410 198
2411 131
2412 944
2413 1045
2414 645
2415 2313
2416 2347
2417 1677
2418 2194 1769
2419 1018
2420 791
2421 663
2422 2094
2423 2061
2424 2215
2425 1225
2426 2227
2427 1416
2428 635
2429 268
2430 205
2431 607
2432 118
2433 1005
2434 2028
2435 616
2436 44
2437 1165
2438 957
2439 559 1749
2440 665
2441 935
2442 1867
2443 983
2444 20
2445 686
2446 1043
2447 1351
2448 1780
2449 1288
2450 2471 2230
2451 2382
2452 1903
2453 1730
2454 826
2455 1680
2456 2343 701
2457 2403
2458 1152
2459 1840
2460 792
2461 596
2462 1424
2463 2044
2464 234
2465 1210
2466 369
2467 1165
2468 789
2469 1760 120
2470 2343
2471 1210
2472 1136
2473 1674
2474 515
2475 406
2476 41
2477 783
2478 1848
2479 1141
2480 814
2481 166
2482 275 1716
2483 820
2484 1299
2485 1918
2486 1715
2487 2082
2488 1242
2489 814
2490 1623
2491 1182
2492 656
2493 2180
2494 79
2495 1286
2496 2386
2497 1878
2498 1678
2499 427
2500 1286
2501 774
2502 1364
2503 2068
2504 2053
2505 78
2506 940
2507 277
2508 2033
2509 1829
2510 1615
2511 929
2512 718
2513 709
2514 546
2515 1909
2516 1181
2517 1550
2518 2167
2519 2387
2520 444
2521 701
2522 1432
2523 1378
2524 430
2525 2269
2526 2352
2527 100
2528 1876
2529 224
2530 2343
2531 233
2532 1187
2533 212
2534 1757
2535 176
2536 633
2537 268
2538 1002
2539 2105
2540 2053
2541 1596 2032 407
2542 2139
2543 2397
2544 1094
2545 2044
2546 380
2547 1970
2548 532
2549 1426
2550 1442
2551 2124
2552 1424
2553 645
2554 1214
2555 1110
2556 1203
2557 636
2558 1707
2559 2343 882
2560 2173
2561 1636
2562 2245
2563 1225
2564 1839
2565 1987
2566 2105
2567 1655
2568 1231
2569 2343
2570 1078
2571 7
2572 427
2573 935
2574 1363
2575 968
2576 1752
2577 2052
2578 153
2579 1734
2580 975
2581 2039
2582 2226
2583 1760
2584 239
2585 154
2586 918
2587 2241
2588 2113 1332
2589 1525
2590 2165
2591 775
2592 2280
2593 1446
2594 247
2595 1420
2596 2322
2597 1560
2598 1313
2599 205
2600 180
2601 646
2602 2011
2603 1283
2604 1751
2605 1465
2606 1350
2607 1909
2608 822
2609 612
2610 360
2611 2444
2612 635
2613 1284
2614 1328
2615 2157
2616 1094
2617 1801
2618 1231
2619 2450
2620 2273
2621 1485
2622 2231
2623 2402
2624 1401
2625 6
2626 1193
2627 820
2628 1730
2629 1002
2630 902
2631 871
2632 1710
2633 2354
2634 1708
2635 1520
2636 1332
2637 45
2638 1322
2639 2370
2640 87
2641 1233
2642 820
2643 605
2644 701
2645 1028
2646 995
2647 721
2648 2026
2649 1962
2650 1410
2651 2138
2652 100
2653 610
2654 1307
2655 1395
2656 833
2657 681
2658 2044
2659 1165
2660 1847 1193
2661 2022
2662 99
2663 958
2664 2385
2665 110
2666 1338
2667 181
2668 307
2669 2003
2670 1636
2671 948
2672 2065
2673 375
2674 1005
2675 1524
2676 1962
2677 1238
2678 747
2679 128
2680 1642
2681 2171
2682 593
2683 1661
2684 1840
2685 2396
2686 1732
2687 47
2688 2320
2689 283
2690 2265
2691 1661
2692 2044
2693 2176
2694 2370
2695 1595
2696 1391
2697 180
2698 1078
2699 1451
2700 481
2701 1904
2702 1271
2703 90
2704 1990
2705 441
2706 2447
2707 610
2708 1848
2709 346
2710 2000
2711 77
2712 657
2713 1240
2714 2194 1645
2715 1487
2716 280
2717 268
2718 1687
2719 612
2720 487
2721 1152
2722 2058
2723 1869
2724 1769
2725 1605
2726 192
2727 153
2728 800
2729 822
2730 1509
2731 78
2732 812
2733 869
2734 2050
2735 993
2736 1214
2737 1983
2738 1488
2739 2499
2740 2452 1494
2741 2429
2742 21
2743 670
2744 1837
2745 1649 1260
2746 2077
2747 1372
2748 61
2749 1164
2750 521
2751 621
2752 1883 1883
2753 352 998
2754 1549
2755 612
2756 2267
2757 2398
2758 1432
2759 2061
2760 2501
2761 2105
2762 1103
2763 882
2764 1412
2765 1240
2766 1556
2767 521
2768 404
2769 1451
2770 1306
2771 70
2772 1002
2773 1799
2774 1424
2775 2202
2776 1120
2777 2087
2778 143
2779 861
2780 1566
2781 635
2782 486 1100
2783 1908
2784 207
2785 2128
2786 2204
2787 1624
2788 457
2789 2344
2790 1650
2791 2343
2792 1833
2793 824
2794 1685
2795 1158
2796 1488
2797 2492
2798 1275
2799 1424
2800 1562
2801 1448
2802 1846
2803 2052
2804 1465
2805 903
2806 1140
2807 2276
2808 1225
2809 2511
2810 1299
2811 1858
2812 35
2813 2122
2814 2116
2815 783
2816 427
2817 74
2818 1508
2819 1421
2820 1012
2821 783
2822 1650
2823 1650
2824 1307
2825 1783
2826 408
2827 2234
2828 1498
2829 961
2830 303
2831 1124
2832 418
2833 276
2834 205
2835 373
2836 701
2837 2124
2838 32
2839 1491
2840 1193
2841 1353
2842 1136
2843 701
2844 1989
2845 246
2846 25
2847 386
2848 1349
2849 1754
2850 808
2851 2011
2852 988
2853 1938
2854 2146
2855 234
2856 921
2857 635
2858 886 386
2859 1365
2860 275
2861 760
2862 128
2863 163
2864 158
2865 1775
2866 148
2867 1733
2868 274
2869 2457
2870 234
2871 415
2872 116
2873 1570
2874 1258
2875 1843
2876 675
2877 358
2878 1208
2879 932
2880 668
2881 194
2882 1046
2883 866
2884 31
2885 1859
2886 1878
2887 516
2888 45
2889 303
2890 2423
2891 2150
2892 2099
2893 586
2894 783
2895 578
2896 454
2897 1109
2898 286
2899 787
2900 124
2901 614
2902 1840
2903 2056
2904 1116
2905 1238
2906 2197 153
2907 1172
2908 478
2909 2086
2910 2042
2911 1509
2912 446
2913 1424
2914 1599
2915 1718
2916 1375
2917 1619
2918 1769
2919 2061 1424
2920 1856
2921 64
2922 2105 2397
2923 1138
2924 1595
2925 1790
2926 1043
2927 1641
2928 2433
2929 2035
2930 1424
2931 1043
2932 1182
2933 1606
2934 701
2935 1948
2936 833
2937 2301
2938 1841
2939 1987
2940 701
2941 2479
2942 914 619
2943 514
2944 1109
2945 1346
2946 1610
2947 2229
2948 873
2949 2217
2950 180
2951 379
2952 1922
2953 418
2954 1478
2955 1452
2956 927
2957 422
2958 1989
2959 386
2960 777
2961 203
2962 202
2963 1979
2964 184
2965 1424
2966 1424
2967 295
2968 2352
2969 1421
2970 341
2971 940
2972 1432
2973 731
2974 1896
2975 1203
2976 524
2977 2299
2978 70
2979 1367
2980 518
2981 2520
2982 1705
2983 2238
2984 188
2985 940
2986 100
2987 1181
2988 2105 1424
2989 783
2990 1232 700
2991 996
2992 189
2993 664 1624
2994 534
2995 833
2996 1013
2997 138
2998 874
2999 701
3000 2306
3001 905
3002 1613
3003 2077
3004 939
3005 1512
3006 1412
3007 337
3008 21
3009 1776
3010 1735
3011 1136
3012 1152
3013 2365
3014 1689
3015 1636
3016 1713
3017 1388
3018 2397
3019 699
3020 1504
3021 1087
3022 563
3023 313
3024 2009
3025 315
3026 2337
3027 962
3028 2124
3029 1381
3030 1775
3031 77
3032 885
3033 1320
3034 1702
3035 1900
3036 1651
3037 2019
3038 2376
3039 2252
3040 21
3041 1265
3042 1788
3043 1445
3044 153
3045 627
3046 789
3047 1182
3048 432
3049 205
3050 1509
3051 2101
3052 1396
3053 1136
3054 167
3055 1777
3056 528
3057 833
3058 195
3059 1438
3060 2025
3061 1959
3062 1902
3063 1264
3064 2397
3065 823
3066 542
3067 2314
3068 2343
3069 193
3070 906
3071 1724
3072 446
3073 99
3074 2438
3075 1499
3076 1712
3077 1965
3078 1702
3079 575
3080 164
3081 2463
3082 895
3083 1942
3084 1678
3085 1954
3086 1188
3087 1833
3088 1811
3089 1263
3090 1977 1852
3091 1697
3092 512
3093 1093
3094 409
3095 939
3096 642
3097 1060
3098 2038
3099 1386
3100 1731
3101 1840
3102 1717 7
3103 2014
3104 785
3105 805
3106 1136
3107 1440
3108 92
3109 1100
3110 2079
3111 2394
3112 1528
3113 500
3114 90
3115 2304
3116 2246
3117 2498
3118 814
3119 2491
3120 1837
3121 1896
3122 1071
3123 2212
3124 984
3125 1213
3126 881
3127 1402
3128 1313
3129 1146
3130 769
3131 2325
3132 171
3133 1702
3134 1614
3135 298
3136 456
3137 1404
3138 1643
3139 1537
3140 1002
3141 418
3142 860
3143 308
3144 153
3145 223
3146 2048
3147 1702
3148 660
3149 2450
3150 344
3151 2454
3152 1203
3153 701
3154 539
3155 1412
3156 1136
3157 1622
3158 93
3159 77
3160 124
3161 1465
3162 1118
3163 2225
3164 747
3165 1864
3166 499
3167 478
3168 1812
3169 2388
3170 2484
3171 571
3172 1376
3173 1835
3174 2018
3175 583 1787 6 1056
3176 1074
3177 2317
3178 534
3179 2059
3180 1883
3181 1214
3182 1801
3183 1929
3184 1944
3185 2175
3186 17
3187 1701
3188 554
3189 182
3190 1606
3191 2206
3192 1582
3193 442 1134
3194 668
3195 840
3196 216
3197 1462
3198 2499
3199 2230
3200 1695 1695
3201 1837
3202 1225
3203 1837
3204 1443
3205 2432
3206 907
3207 2343 1526
3208 594
3209 881
3210 1839
3211 445
3212 1173
3213 569
3214 691
3215 1735
3216 2460
3217 1956
3218 1503
3219 74
3220 699
3221 1953
3222 179 940
3223 1793
3224 832
3225 1822
3226 1080
3227 2392
3228 1715
3229 104
3230 1734 1152
3231 1760
3232 918
3233 1285
3234 1263
3235 1264
3236 2124
3237 511 959
3238 1
3239 2011
3240 7
3241 1425
3242 309
3243 927
3244 2203
3245 2222
3246 108
3247 2418
3248 2288
3249 1072
3250 106
3251 1846
3252 669
3253 1706
3254 852
3255 154 2107
3256 341
3257 2067
3258 324
3259 1424
3260 2379
3261 1511
3262 161
3263 678
3264 535
3265 553
3266 1965
3267 1174
3268 1479
3269 1107
3270 1465
3271 2305
3272 1789
3273 820
3274 1940
3275 1965 561
3276 1178
3277 436
3278 1846
3279 1305
3280 1435
3281 2271
3282 2317
3283 584
3284 998
3285 1793
3286 162
3287 1995
3288 2370
3289 1251
3290 272
3291 2234
3292 125
3293 2074
3294 973
3295 1424 1262
3296 1361
3297 2343
3298 2439
3299 744
3300 808
3301 57
3302 711
3303 105 29
3304 1455
3305 742
3306 1124
3307 693 1275
3308 379
3309 1601
3310 427
3311 96 1528
3312 121
3313 1504
3314 2343
3315 2045
3316 1207
3317 2124
3318 268
3319 1210
3320 1959
3321 1787
3322 316
3323 2137
3324 137
3325 1175
3326 2511
3327 1660
3328 1452
3329 1363
3330 168
3331 453
3332 1214
3333 2205
3334 896
3335 1002
3336 2434
3337 1069
3338 1904
3339 370
3340 1482
3341 1267
3342 466 1844
3343 2349
3344 1181
3345 663
3346 2055
3347 2079
3348 268
3349 1152
3350 880
3351 745
3352 732
3353 367 37
3354 1364
3355 1382
3356 470
3357 2175
3358 866
3359 1638
3360 657
3361 110
3362 881
3363 1414
3364 701
3365 2053
3366 388
3367 358
3368 239
3369 2366
3370 729
3371 1848
3372 603
3373 1509
3374 1214
3375 825
3376 2053
3377 970
3378 304
3379 1548
3380 2019
3381 628
3382 2015
3383 1319
3384 701
3385 783
3386 418
3387 866
3388 2477
3389 164
3390 1136
3391 1136
3392 2511
3393 1650
3394 588
3395 1182
3396 519
3397 2177
3398 561
3399 1178
3400 642
3401 2266
3402 822
3403 594
3404 415
3405 1539
3406 1511
3407 2230
3408 234
3409 1733
3410 2061
3411 424
3412 868
3413 1177
3414 400
3415 2230
3416 1702
3417 1345
3418 416
3419 1968
3420 1649
3421 1099
3422 2116
3423 432
3424 1125
3425 2019
3426 488
3427 1477
3428 1152
3429 1152
3430 1240
3431 2110
3432 2322
3433 1424
3434 1543
3435 701
3436 2351
3437 669
3438 498
3439 1848
3440 1031
3441 1871
3442 1364
3443 78
3444 727
3445 1464
3446 1854
3447 257
3448 661 2203
3449 179
3450 1797
3451 1478
3452 1169
3453 737
3454 2048
3455 1169
3456 1807
3457 1235
3458 1807
3459 2324
3460 2285
3461 2192
3462 1881
3463 1034
3464 2436
3465 998 1829
3466 525
3467 468
3468 755
3469 1051
3470 1895
3471 2298
3472 1325
3473 744
3474 458
3475 150
3476 1959
3477 161
3478 2483
3479 2066
3480 1424
3481 2011
3482 1157
3483 1281
3484 2392
3485 701
3486 2257
3487 2054
3488 1424
3489 2497
3490 1092
3491 852
3492 2510
3493 703
3494 1160
3495 1002
3496 1838
3497 2124
3498 952
3499 478
3500 814
3501 1225
3502 783
3503 1777
3504 1650
3505 1073
3506 1491
3507 323
3508 2147
3509 95
3510 1124
3511 2511
3512 1004
3513 672
3514 2063
3515 2317
3516 672
3517 1147
3518 2034
3519 299
3520 888
3521 319
3522 2236
3523 40
3524 1736
3525 469 625 1156
3526 1244
3527 959
3528 745
3529 1798
3530 750
3531 326
3532 1769
3533 1599
3534 1979
3535 2350
3536 1015
3537 2273
3538 2468
3539 1360
3540 662
3541 1869
3542 2007 2434
3543 1214
3544 2520
3545 2139
3546 1002
3547 155
3548 444
3549 1386
3550 1203
3551 935
3552 1066
3553 96
3554 1030
3555 1121
3556 150
3557 1669
3558 2263
3559 786
3560 1187
3561 695
3562 1572 913
3563 1214 1155 1209
3564 866
3565 757
3566 918
3567 1133
3568 1846
3569 112
3570 1773
3571 1079
3572 1965
3573 2299
3574 2250
3575 2238
3576 1040
3577 153
3578 401
3579 661
3580 2451
3581 1745
3582 294
3583 1845
3584 1980
3585 2450
3586 95
3587 2081
3588 2061
3589 701
3590 563
3591 1748
3592 1824
3593 1372
3594 2517
3595 1619
3596 464
3597 1873
3598 894
3599 70
3600 1137
3601 710
3602 1143
3603 1946
3604 1555
3605 116
3606 2418
3607 998
3608 1535
3609 106
3610 930
3611 1707
3612 2356
3613 999
3614 2474
3615 1293
3616 922
3617 1626
3618 1385
3619 924
3620 2227
3621 1045
3622 715
3623 1801
3624 1188
3625 1931
3626 78
3627 1262
3628 635
3629 2484
3630 2151
3631 165
3632 820
3633 2462
3634 1979
3635 2124
3636 1282
3637 1141
3638 1650
3639 820
3640 1322
3641 1626
3642 2446
3643 669
3644 1414
3645 939 839
3646 1989
3647 2364
3648 1730
3649 1570
3650 188
3651 1215
3652 1279
3653 1680
3654 1942
3655 1628
3656 1572
3657 1158
3658 1537
3659 1326 2471
3660 1181
3661 1171
3662 333
3663 631
3664 1158
3665 929
3666 1231
3667 2454
3668 2066
3669 1372
3670 855
3671 1573
3672 110
3673 1359
3674 129
3675 2442
3676 2450
3677 1169
3678 2471
3679 2124
3680 2471
3681 2371
3682 67
3683 701
3684 1355
3685 1686
3686 1948
3687 1921
3688 904
3689 1568
3690 1023
3691 427
3692 1829
3693 1693
3694 2124
3695 1982
3696 1559
3697 2359
3698 1412
3699 1182
3700 808
3701 1989
3702 952 1848
3703 2017
3704 1738
3705 1282
3706 2168
3707 870
3708 425
3709 111
3710 2004
3711 2471
3712 2199
3713 1090
3714 2007
3715 372
3716 915
3717 2084
3718 1869
3719 1116
3720 401
3721 651
3722 1113
3723 2069
3724 1 1851
3725 1176
3726 239
3727 1170
3728 2397
3729 701
3730 30 30
3731 125
3732 2322
3733 1488
3734 297
3735 2369
3736 2195
3737 225
3738 1878
3739 254
3740 1226
3741 936
3742 1984 966 1222
3743 1555
3744 2284
3745 1650
3746 681
3747 2170
3748 1002
3749 949
3750 1005
3751 1549
3752 224
3753 1870
3754 2350
3755 957
3756 2397
3757 2240
3758 672
3759 2209
3760 234
3761 2498
3762 234
3763 1191
3764 19
3765 1777
3766 2311
3767 1468
3768 1782
3769 974
3770 969
3771 975
3772 448 1133
3773 2397 321
3774 284
3775 2103
3776 1993
3777 1647
3778 2016
3779 614
3780 2135
3781 773
3782 1951
3783 1263
3784 2407
3785 2417
3786 1983
3787 1719
3788 1781
3789 1845
3790 1572
3791 501
3792 1198
3793 1463
3794 1485
3795 892
3796 603
3797 1529
3798 262 595 1399
3799 1175
3800 2444
3801 740
3802 1635
3803 2056
3804 1056
3805 1534
3806 942
3807 1959
3808 151
3809 1136
3810 802
3811 841
3812 451
3813 147
3814 1713
3815 379
3816 953
3817 161 1547
3818 2413
3819 2054
3820 1286
3821 97
3822 1142
3823 2124
3824 1019
3825 133
3826 1864
3827 444
3828 1046
3829 2159
3830 824
3831 74
3832 1003
3833 2455
3834 1181
3835 1046
3836 284
3837 645
3838 392
3839 1505
3840 510
3841 1433 957
3842 1404
3843 442
3844 2440
3845 418
3846 1736
3847 332
3848 1899
3849 881
3850 1925
3851 1121
3852 236
3853 121
3854 297
3855 780
3856 2343
3857 2288
3858 671
3859 2450
3860 1241
3861 205
3862 635
3863 1109
3864 481
3865 1460
3866 2165
3867 2414
3868 1594
3869 773
3870 1005
3871 924
3872 940
3873 571
3874 2413
3875 372
3876 1989
3877 2431
3878 2368
3879 2281
3880 2037
3881 258
3882 1959
3883 74
3884 1343
3885 2061
3886 532
3887 2364
3888 585
3889 632
3890 1169
3891 315
3892 1814
3893 358 1412
3894 1782
3895 1884
3896 1869
3897 78
3898 1412
3899 952
3900 1756
3901 1345
3902 2346
3903 1453
3904 981
3905 1169
3906 361
3907 1449
3908 531
3909 1011
3910 1123
3911 1777
3912 1702
3913 462
3914 1158
3915 1029 444
3916 73
3917 2372
3918 1928
3919 427
3920 935
3921 2398
3922 1202
3923 1398
3924 787
3925 587
3926 1245
3927 2471 1849
3928 804
3929 2482
3930 1958
3931 450
3932 2263
3933 2520
3934 1172
3935 701 627
3936 2076
3937 2431
3938 854
3939 1830
3940 1689
3941 1286
3942 1916
3943 2498
3944 1336
3945 1193
3946 1671
3947 2461
3948 2011
3949 1187
3950 2517
3951 2450
3952 1007
3953 1136
3954 1650
3955 515
3956 1152
3957 77
3958 1862
3959 530 1654
3960 1720
3961 418
3962 1863
3963 657
3964 2085
3965 918
3966 1396
3967 2287
3968 1703
3969 449
3970 1317
3971 613
3972 1504
3973 2367
3974 820
3975 787
3976 2392
3977 1109
3978 1615
3979 1128
3980 387 1885
3981 1136 1282
3982 1619
3983 2100
3984 76
3985 927
3986 304
3987 1949
3988 234
3989 2413
3990 2141
3991 1346
3992 701
3993 2105
3994 1707
3995 2107
3996 454
3997 1661
3998 1369 2164
3999 155
4000 919
4001 1837
4002 1372 1769
4003 1546 2471 1259
4004 154
4005 831 323
4006 678 872
4007 1380
4008 663
4009 1816
4010 1862
4011 1955 1424
4012 1509
4013 2127
4014 952
4015 1150
4016 1359
4017 534
4018 1196
4019 1275
4020 1839
4021 2383
4022 1088
4023 2511
4024 635
4025 1344
4026 1359
4027 1356
4028 299
4029 1702
4030 2221
4031 866
4032 2428
4033 657
4034 1262
4035 1714
4036 151
4037 1169
4038 2157
4039 2197
4040 82
4041 2194
4042 1244
4043 1386
4044 2450
4045 709
4046 1787
4047 900
4048 1517
4049 1172
4050 1556
4051 1191
4052 866
4053 661
4054 610
4055 1923
4056 1797
4057 1684
4058 1553
4059 1634
4060 2484
4061 939
4062 1193
4063 1248
4064 2223
4065 1786
4066 481
4067 1809
4068 523
4069 1472
4070 808
4071 2431 427
4072 2068
4073 1762
4074 2343
4075 2149
4076 697 2496
4077 59
4078 1509
4079 264
4080 931
4081 702
4082 984
4083 2332
4084 1310
4085 1972
4086 1694
4087 1822
4088 43
4089 2093
4090 1903
4091 640
4092 74
4093 2481
4094 1837
4095 125
4096 1182
4097 563
4098 2061
4099 523
4100 322
4101 2350
4102 416
4103 2244
4104 2103
4105 2275
4106 1120
4107 2264
4108 1001
4109 2343
4110 1598
4111 1845
4112 2397
4113 487
4114 529
4115 1598
4116 2486
4117 74
4118 2124
4119 927
4120 1022
4121 2220
4122 1372
4123 2053
4124 681
4125 2387
4126 1906
4127 644 2405
4128 1494
4129 379
4130 847
4131 957
4132 1818
4133 839
4134 2230
4135 1364
4136 1364
4137 2180
4138 1059
4139 1959
4140 77
4141 1005
4142 418
4143 1917
4144 438
4145 2477
4146 909
4147 1006
4148 1439
4149 2479
4150 2520
4151 204
4152 2100
4153 217
4154 2191
4155 1208
4156 917
4157 2061
4158 1959
4159 693
4160 680
4161 2414 2056
4162 1146
4163 82
4164 655
4165 2157
4166 1782
4167 1670
4168 271
4169 992
4170 558
4171 2108 462
4172 1253
4173 1437
4174 966
4175 1734
4176 1509
4177 2387
4178 1612
4179 2055
4180 916
4181 788
4182 164
4183 2448
4184 1214
4185 1375
4186 930
4187 418
4188 1848
4189 490
4190 999
4191 1580
4192 1901
4193 515
4194 44
4195 2162
4196 202
4197 2007
4198 1346
4199 1414
4200 1465
4201 2418
4202 418 1136
4203 701
4204 1761
4205 66
4206 1752
4207 2326
4208 1785
4209 1556
4210 701
4211 1989
4212 935
4213 189
4214 451
4215 181
4216 418
4217 1332
4218 695 1959
4219 745
4220 230
4221 456
4222 1019
4223 887
4224 372
4225 866
4226 822
4227 1198
4228 1364
4229 2151
4230 973
4231 96
4232 1523
4233 867
4234 2311
4235 153
4236 588
4237 1104
4238 328
4239 1152
4240 259
4241 1954 2415
4242 130
4243 1718
4244 2021
4245 1598
4246 1327
4247 343
4248 2023
4249 824
4250 917
4251 554
4252 39
4253 1412
4254 2068
4255 116
4256 1569
4257 1601
4258 853
4259 1318
4260 588
4261 1424
4262 1475 1211
4263 701
4264 1262
4265 1515
4266 990
4267 122
4268 1044
4269 181
4270 2384
4271 1307
4272 815
4273 1320
4274 1721
4275 2471
4276 267
4277 1777
4278 1203
4279 787
4280 930
4281 1849
4282 725
4283 1715
4284 532
4285 679
4286 1545
4287 2471
4288 2197
4289 1359
4290 1546
4291 2011
4292 399
4293 1286
4294 1699
4295 1024
4296 918
4297 1784
4298 2043
4299 2175
4300 323
4301 2504
4302 1771
4303 855
4304 8
4305 2226
4306 264
4307 1838
4308 1158
4309 1109
4310 2181
4311 2129
4312 2049 323
4313 732
4314 280
4315 2353
4316 2270
4317 2143 710
4318 522
4319 1002
4320 293 1086
4321 1364
4322 1866
4323 1768
4324 1248
4325 1523
4326 1393
4327 1152
4328 500
4329 1492
4330 220
4331 126
4332 1702
4333 1988
4334 1094
4335 270
4336 1638
4337 1973
4338 582
4339 1222
4340 881
4341 2224
4342 950
4343 1209
4344 1509
4345 1043
4346 426
4347 13
4348 1962
4349 216
4350 2120
4351 169
4352 467
4353 99
4354 1808
4355 2154
4356 742
4357 954
4358 2141
4359 1044
4360 145
4361 1720
4362 1101
4363 1302
4364 232
4365 2127
4366 1546
4367 785
4368 1164
4369 1506
4370 427
4371 1148
4372 1805
4373 2068 1336
4374 153
4375 1661
4376 2387
4377 643
4378 1286
4379 1152
4380 773
4381 2493
4382 610
4383 548
4384 145
4385 1170
4386 2202
4387 24
4388 789
4389 1087
4390 1373
4391 2225
4392 2178 1179
4393 181
4394 744
4395 2511
4396 1352
4397 1023
4398 174
4399 2191
4400 1310
4401 1304
4402 1651
4403 1002
4404 1085
4405 2172
4406 1546
4407 1114
4408 205
4409 691
4410 1052
4411 2039 586
4412 2292
4413 763
4414 2090
4415 1880 2509
4416 1496
4417 898
4418 1689
4419 659
4420 940
4421 534
4422 2007
4423 403
4424 1451
4425 2059
4426 446
4427 1101
4428 440
4429 1001
4430 1771
4431 2254
4432 2174
4433 1271
4434 701
4435 2329
4436 2398
4437 2477
4438 52
4439 473 1755
4440 2044
4441 777
4442 6
4443 1424
4444 329
4445 1808
4446 1745
4447 1227
4448 1286
4449 2061
4450 1043
4451 1182
4452 95
4453 153
4454 228
4455 2124
4456 1182
4457 1182
4458 1364
4459 1739
4460 2174
4461 773
4462 1609
4463 615
4464 745
4465 1910
4466 427
4467 1129
4468 2182
4469 993
4470 1249
4471 2105
4472 1801
4473 2208
4474 852
4475 327
4476 224
4477 2035
4478 2015
4479 266
4480 1193 1829
4481 1044
4482 1473
4483 1971
4484 2039
4485 246
4486 1201
4487 70
4488 1869
4489 1146
4490 1193
4491 546
4492 1154
4493 508
4494 479 479
4495 1089
4496 1857
4497 1840
4498 1389
4499 2169
4500 1424
4501 2231
4502 2124
4503 157
4504 70
4505 537
4506 855
4507 1829
4508 589
4509 1777
4510 1524
4511 1939
4512 1846
4513 1424
4514 1993
4515 1761
4516 2397
4517 698
4518 906
4519 740
4520 2020
4521 690
4522 1891
4523 2502
4524 2068
4525 918
4526 877
4527 2279
4528 14
4529 1172
4530 2334
4531 1424
4532 2222
4533 389
4534 97
4535 2018
4536 2048
4537 1116
4538 594 1301
4539 2102
4540 2179
4541 1625
4542 1819
4543 434
4544 1146
4545 2175
4546 1776
4547 1845
4548 411
4549 2107
4550 973
4551 2265
4552 1567
4553 1426
4554 1044
4555 1587
4556 1186
4557 216
4558 701 1779
4559 1458
4560 1726
4561 511
4562 2331
4563 1821
4564 1178
4565 745
4566 2392
4567 1590 1126
4568 2040
4569 745
4570 745
4571 1782
4572 523
4573 381
4574 69
4575 1928
4576 1417
4577 2146
4578 1590
4579 1817
4580 1261
4581 897
4582 1310
4583 2414
4584 2048
4585 613
4586 1598
4587 917
4588 959
4589 306
4590 1320
4591 855
4592 650
4593 1107
4594 1767
4595 725
4596 1296
4597 2203
4598 2471
4599 1572
4600 1060
4601 2232
4602 2027
4603 641
4604 470
4605 66
4606 1872
4607 1323
4608 534
4609 583
4610 47
4611 1840
4612 2520
4613 808
4614 671
4615 940
4616 1174
4617 1424
4618 1565
4619 1372
4620 1583
4621 1082
4622 2105
4623 2133
4624 358
4625 80
4626 427
4627 1625
4628 1646 2247
4629 1862
4630 1312
4631 1555
4632 1229
4633 1376
4634 1859
4635 1823
4636 190
4637 59
4638 1707
4639 2377
4640 2343
4641 1054
4642 1959
4643 1340
4644 1982
4645 365
4646 1152
4647 2350
4648 344
4649 861
4650 1702
4651 2011
4652 440
4653 2185
4654 2102
4655 549
4656 2318
4657 1728
4658 2476 959
4659 855
4660 1364
4661 2237
4662 1424
4663 2371
4664 554
4665 325
4666 1029
4667 1155
4668 1551
4669 1869
4670 305
4671 125
4672 1847
4673 555
4674 2124
4675 1200
4676 1871
4677 696
4678 2517
4679 1717
4680 1570
4681 1564
4682 290
4683 490
4684 1299
4685 1858
4686 95
4687 1070
4688 1214
4689 1832
4690 2393
4691 188
4692 866 2107
4693 452
4694 603
4695 1316
4696 918
4697 1735
4698 47
4699 91
4700 1005
4701 2096
4702 2131
4703 1245
4704 1790
4705 1424
4706 235
4707 180
4708 1825
4709 1692
4710 2124
4711 669
4712 2359
4713 1896
4714 1715
4715 410
4716 1578
4717 870
4718 820
4719 2314
4720 2094
4721 1853
4722 598
4723 251
4724 639
4725 173
4726 2073
4727 2517
4728 100
4729 358
4730 579
4731 2011
4732 1432
4733 347
4734 33
4735 1155
4736 311
4737 762
4738 562
4739 2281
4740 1940
4741 1715
4742 73
4743 996
4744 2107
4745 1318
4746 532
4747 581
4748 615
4749 2367
4750 1351
4751 773
4752 2398
4753 1485
4754 1298 1298
4755 103
4756 2262 1729
4757 1987
4758 948
4759 346
4760 2051
4761 1642
4762 30
4763 210
4764 1856
4765 803
4766 1182
4767 357
4768 1878
4769 372
4770 432 1152
4771 927
4772 635
4773 658
4774 50
4775 1270
4776 1298
4777 1424
4778 2151
4779 2520
4780 109
4781 107 1997
4782 1630
4783 1640
4784 939
4785 431
4786 2508
4787 2343
4788 1989
4789 2511
4790 195
4791 635
4792 290
4793 1552
4794 1304
4795 1028
4796 611
4797 180
4798 981
4799 2458
4800 1182 2520
4801 1556
4802 314
4803 1076
4804 482
4805 773
4806 648 824
4807 2452
4808 1572
4809 418
4810 691
4811 1886
4812 495
4813 669
4814 2157 72
4815 1105
4816 1702
4817 2314
4818 2315
4819 1412
4820 36
4821 438
4822 1589
4823 371
4824 2432
4825 1244
4826 627
4827 1672
4828 1815
4829 1704
4830 2215
4831 2011
4832 332
4833 1928
4834 357
4835 2392
4836 993
4837 1424
4838 881
4839 2445
4840 2463
4841 2035
4842 1332
4843 2233
4844 801
4845 1869
4846 240
4847 1680
4848 2467
4849 407
4850 890
4851 1068
4852 773
4853 1101
4854 74
4855 1084
4856 1981
4857 2066
4858 544
4859 1519
4860 1324
4861 1005
4862 1196
4863 1215
4864 799
4865 338
4866 180
4867 993
4868 427
4869 701
4870 312
4871 1273
4872 813
4873 153
4874 701
4875 1854
4876 784
4877 2489
4878 195 2328 796
4879 239
4880 1145
4881 2105
4882 1882
4883 582
4884 458
4885 1136
4886 1299
4887 1840
4888 2256
4889 1136
4890 1478
4891 2452
4892 1377
4893 327
4894 235
4895 1805
4896 2251
4897 2021
4898 2149
4899 2350
4900 987
4901 1589
4902 773
4903 1374
4904 1667
4905 2029
4906 784
4907 1769 1412
4908 1451
4909 384
4910 1174
4911 907
4912 2337
4913 2433
4914 1424
4915 2370
4916 2452
4917 945
4918 855
4919 1344
4920 635
4921 1412
4922 2175
4923 852
4924 2493
4925 1412
4926 942
4927 823
4928 1629
4929 1757
4930 83
4931 215
4932 1329
4933 858
4934 1136
4935 701
4936 446
4937 2511
4938 1010
4939 1380
4940 572
4941 66
4942 216
4943 2450
4944 2307
4945 2450
4946 2042
4947 920
4948 1625
4949 2041
4950 1330
4951 97
4952 747
4953 366
4954 2057
4955 1619
4956 427
4957 2465
4958 41
4959 2420
4960 2424
4961 2068
4962 1831
4963 1674
4964 1970
4965 1871
4966 153
4967 1372
4968 940
4969 1043
4970 1807
4971 1185
4972 412
4973 2430
4974 2105
4975 1314
4976 674
4977 927
4978 2167
4979 2511
4980 701
4981 1598
4982 1465
4983 1381
4984 1123
4985 86
4986 532
4987 2429
4988 331
4989 415
4990 358
4991 2105
4992 1572
4993 110
4994 1869
4995 58
4996 2244
4997 2340
4998 103
4999 2077
5000 418
5001 701
5002 241
5003 2343
5004 2151
5005 657
5006 1309
5007 1896
5008 1998
5009 758
5010 268
5011 2124
5012 428 2448
5013 586
5014 217
5015 530
5016 205
5017 782
5018 795
5019 1079
5020 1903
5021 2134
5022 1419
5023 2157
5024 2360
5025 1214
5026 446
5027 1797
5028 2478
5029 1609
5030 1239
5031 1214
5032 1416
5033 144 45
5034 613 1688
5035 1182
5036 1514
5037 1570
5038 1111
5039 1100
5040 657
5041 1837
5042 1689
5043 1136
5044 2191
5045 783
5046 792
5047 1877
5048 2018
5049 1424
5050 799
5051 1728
5052 830
5053 1674
5054 776
5055 2332
5056 224
5057 1136
5058 1256 746
5059 144
5060 1385
5061 1478
5062 1369
5063 2007
5064 2200
5065 1307
5066 1912
5067 511
5068 1650
5069 1360
5070 1152
5071 1782
5072 2213
5073 891
5074 994
5075 569
5076 976
5077 285
5078 669
5079 367
5080 2
5081 2444
5082 759
5083 2081
5084 478
5085 1651
5086 2051
5087 2416
5088 1413
5089 965
5090 840
5091 1310
5092 1301
5093 1829
5094 142
5095 1193
5096 2359
5097 9
5098 1299
5099 452
5100 1030
5101 141
5102 66
5103 4
5104 2234
5105 1488
5106 1136
5107 1570
5108 1909
5109 701
5110 1346
5111 637
5112 1050
5113 1729
5114 1002
5115 153
5116 477
5117 1889
5118 835
5119 1014
5120 213
5121 1430
5122 1500
5123 86
5124 2505
5125 224
5126 104
5127 1100
5128 2130
5129 153
5130 701
5131 172
5132 47
5133 554
5134 226
5135 520
5136 1614
5137 673
5138 268
5139 2416
5140 891
5141 2005
5142 2099
5143 484
5144 940 4
5145 1348
5146 222
5147 2142
5148 722
5149 446
5150 345
5151 550
5152 205
5153 881
5154 1915
5155 1424
5156 1026
5157 535
5158 773
5159 276
5160 383
5161 2471
5162 493
5163 1424
5164 701
5165 193
5166 2302
5167 358
5168 2124
5169 1610
5170 2345
5171 1735 1741
5172 961
5173 1445
5174 1669
5175 1426
5176 446 1986
5177 1087
5178 1025
5179 2325
5180 1158
5181 2181
5182 1023
5183 1136
5184 583
5185 2280
5186 1703
5187 250
5188 188
5189 1983
5190 1821
5191 437
5192 2105
5193 1325
5194 502
5195 2208
5196 1435
5197 583
5198 920
5199 928
5200 2316
5201 1203
5202 1293
5203 2471
5204 2422
5205 1115
5206 912
5207 1295
5208 1848
5209 38
5210 1209
5211 1005
5212 1812
5213 299
5214 57
5215 1364
5216 1887
5217 635
5218 2047
5219 1451
5220 1637
5221 308
5222 311
5223 1345
5224 1779
5225 1206
5226 2055
5227 271
5228 1217
5229 746
5230 1903
5231 1178
5232 278
5233 160
5234 1043
5235 703
5236 125
5237 2186
5238 1408
5239 290
5240 458
5241 2392
5242 532
5243 1766
5244 2450
5245 2396
5246 940
5247 1649
5248 1905
5249 1959
5250 1678
5251 649
5252 2171 2343 1478
5253 1485
5254 1904
5255 132
5256 1673
5257 1225
5258 668
5259 2105
5260 1018
5261 603
5262 1880
5263 2350
5264 2146
5265 1089
5266 1796
5267 1424
5268 218
5269 627
5270 1193
5271 1626
5272 1962
5273 2007
5274 2457
5275 522
5276 2343
5277 1241
5278 1622
5279 2403
5280 188
5281 2331
5282 195
5283 504
5284 78
5285 2362
5286 982
5287 1152
5288 585
5289 155
5290 2343
5291 270
5292 1297
5293 1155
5294 1902
5295 205
5296 1556
5297 1366
5298 957
5299 31
5300 536
5301 1038
5302 66
5303 1101
5304 618
5305 1702
5306 124
5307 2443
5308 1509
5309 344
5310 1914
5311 640
5312 1610
5313 1471
5314 538
5315 224
5316 427
5317 2414
5318 2061
5319 737
5320 1662
5321 2453
5322 1246
5323 1572
5324 672
5325 344
5326 1711
5327 1903
5328 582 460
5329 2066
5330 676
5331 1411
5332 1538
5333 1414
5334 881
5335 846
5336 95
5337 1712
5338 1294
5339 1412
5340 1696
5341 2175
5342 968
5343 1248
5344 1707
5345 992
5346 255
5347 2266
5348 1712
5349 2053
5350 1689
5351 927
5352 1661
5353 1286
5354 836
5355 1598
5356 2463
5357 410
5358 43
5359 1424
5360 1717
5361 552
5362 905
5363 279
5364 1909
5365 1330
5366 1828
5367 358
5368 1675
5369 1947
5370 535
5371 1718
5372 54
5373 274
5374 753
5375 2299
5376 743
5377 556
5378 691
5379 224
5380 1556
5381 2265
5382 858
5383 1556
5384 771
5385 656
5386 2433
5387 857
5388 2314
5389 379
5390 2059 1501
5391 2457
5392 1 385
5393 1909
5394 1294
5395 555
5396 1605
5397 2379
5398 466
5399 799
5400 2154
5401 311
5402 929
5403 911
5404 1331
5405 379
5406 1959
5407 1650
5408 1810
5409 1158
5410 952
5411 1707
5412 1137
5413 545
5414 2343
5415 1161
5416 1753
5417 85
5418 1053
5419 2002
5420 554
5421 677
5422 124
5423 2251
5424 1809
5425 2007
5426 1959
5427 2029
5428 1571
5429 2193
5430 2221
5431 2289
5432 1158
5433 2052
5434 1152
5435 47
5436 282
5437 1846
5438 523
5439 1316
5440 1846
5441 2370
5442 21
5443 717
5444 299
5445 450 844
5446 2330
5447 2240
5448 927
5449 1959
5450 1769
5451 1942
5452 1313
5453 918
5454 1047
5455 1353
5456 358
5457 415
5458 533
5459 1777
5460 1896
5461 251
5462 2105
5463 1969
5464 475 560
5465 144
5466 496
5467 67
5468 701
5469 1609 1424
5470 2471
5471 1718
5472 1136
5473 1430
5474 1202
5475 1624
5476 1005
5477 865
5478 617
5479 413
5480 418
5481 56
5482 1869
5483 2230
5484 1424
5485 563
5486 661
5487 762
5488 2456
5489 889
5490 302
5491 1424
5492 523
5493 1077
5494 627
5495 2112
5496 1362
5497 1736
5498 977
5499 2370
5500 126
5501 224
5502 535
5503 1381 2418
5504 630
5505 967
5506 1236
5507 195
5508 724
5509 935
5510 2242
5511 1136
5512 1310
5513 1747
5514 161
5515 1491
5516 1194
5517 136
5518 686
5519 1903
5520 787
5521 1612
5522 1772
5523 1648
5524 612
5525 2517
5526 1042
5527 773
5528 2487
5529 187
5530 1939
5531 515
5532 224
5533 1878
5534 2293
5535 226
5536 812 812
5537 766
5538 344
5539 646
5540 783
5541 1642
5542 2350
5543 2015
5544 1188
5545 1193
5546 645
5547 706
5548 554
5549 1610
5550 2019
5551 1027
5552 922
5553 1573
5554 546
5555 979
5556 2400
5557 925
5558 377
5559 1659
5560 855
5561 651
5562 990
5563 1180
5564 68
5565 1199
5566 2061
5567 1136
5568 31
5569 1448
5570 1879
5571 2255
5572 1087
5573 1282
5574 1662
5575 2315
5576 2414
5577 1376
5578 82
5579 1344
5580 440
5581 2382
5582 1903
5583 1208
5584 2186
5585 1359
5586 1702
5587 2246
5588 882
5589 1537
5590 963
5591 1424
5592 1412 427
5593 1353
5594 1253
5595 694
5596 1702
5597 846
5598 363
5599 1702
5600 1829
5601 2300
5602 1975
5603 1177
5604 1794
5605 1195
5606 812
5607 1428
5608 1222
5609 773
5610 872
5611 1018
5612 1065
5613 1423
5614 508
5615 2328
5616 1344
5617 794
5618 1667
5619 1013
5620 1685
5621 1848
5622 1572
5623 1282
5624 1662
5625 1920
5626 208
5627 1957
5628 2521
5629 1711
5630 1867
5631 881
5632 532
5633 427
5634 1588
5635 1906
5636 2398
5637 1025
5638 205
5639 2414
5640 368
5641 1846
5642 18
5643 1617
5644 490
5645 227
5646 2442
5647 936
5648 927
5649 138
5650 265
5651 1507
5652 205
5653 2319
5654 2124 1225
5655 2343
5656 1633
5657 2504
5658 234
5659 998
5660 1689
5661 635
5662 1769
5663 1839
5664 1304
5665 1556
5666 180
5667 739
5668 415
5669 1286
5670 1000
5671 410
5672 515
5673 1182
5674 669
5675 1718
5676 2019
5677 1079
5678 2079
5679 469
5680 343 1243
5681 530
5682 224
5683 2280
5684 745
5685 920
5686 2343
5687 1451
5688 776
5689 822
5690 1131
5691 2233
5692 1941
5693 1030
5694 101
5695 956
5696 1120
5697 816
5698 437
5699 100
5700 1664
5701 668
5702 701
5703 1364
5704 78
5705 1424
5706 1831
5707 1650
5708 1045
5709 2060
5710 275
5711 1109
5712 2259
5713 1513
5714 2167
5715 2376
5716 1820
5717 2187
5718 2278
5719 2479
5720 1914
5721 1357
5722 1005
5723 749
5724 1711
5725 2488
5726 745
5727 481
5728 1214
5729 2272
5730 1037
5731 1002
5732 1874
5733 1648
5734 113
5735 446
5736 1225
5737 1963
5738 1622
5739 1265
5740 1271
5741 623
5742 814
5743 1891
5744 2081
5745 1831
5746 474
5747 1746
5748 1182
5749 1452
5750 2371
5751 1962
5752 1245
5753 100
5754 1837
5755 904
5756 2264 435
5757 1933
5758 708
5759 276
5760 1509
5761 1911
5762 701
5763 1424
5764 1214
5765 1838
5766 132
5767 1520
5768 1325
5769 927
5770 1949
5771 998
5772 2402 1903
5773 2077
5774 986 986 709
5775 2462
5776 1342
5777 1661 511
5778 1091
5779 257
5780 1735
5781 349
5782 1881
5783 73
5784 418
5785 364
5786 164
5787 1083
5788 931
5789 787
5790 322
5791 2498
5792 642 1759
5793 2088
5794 125
5795 2474 1424
5796 1101
5797 2348
5798 1387
5799 1275
5800 1902
5801 1888
5802 1927
5803 2468
5804 1696
5805 359 1231 1495
5806 108
5807 1214
5808 155 827
5809 2380
5810 561
5811 1197
5812 1626
5813 1411
5814 2330
5815 2288
5816 1878
5817 288
5818 2230
5819 1656
5820 1075
5821 1048
5822 1130
5823 2455
5824 1903
5825 1113
5826 1619
5827 284
5828 86
5829 2263
5830 2397
5831 603
5832 1554
5833 1544
5834 1680
5835 1916 2068
5836 2230
5837 2196
5838 1509
5839 1509
5840 362
5841 2338
5842 1091
5843 453
5844 1750
5845 1959
5846 2148
5847 1862
5848 153
5849 842
5850 1467
5851 349
5852 195
5853 402
5854 11
5855 2199
5856 2124
5857 2201
5858 668
5859 918
5860 2004
5861 1464
5862 2506
5863 1666
5864 1603
5865 420
5866 1670
5867 1282
5868 1364
5869 2157
5870 2026
5871 2054
5872 2282
5873 485
5874 1454
5875 15
5876 1829
5877 2236
5878 1785
5879 454
5880 1737
5881 2397
5882 1766
5883 554
5884 682
5885 1113
5886 1254
5887 2343
5888 586
5889 2291
5890 2517
5891 1658
5892 881 1380
5893 2466
5894 1364
5895 1238
5896 2490
5897 455
5898 672
5899 341
5900 1462
5901 1801
5902 2309
5903 1424
5904 751
5905 2515 449
5906 1898
5907 119
5908 1579
5909 1801
5910 570
5911 58
5912 1782
5913 2350
5914 1642
5915 794
5916 2397
5917 1840
5918 1740
5919 1286
5920 1703
5921 1
5922 2169
5923 289
5924 1659
5925 311
5926 2061
5927 1571 1571 205
5928 2484
5929 206
5930 916
5931 216
5932 1043
5933 1792
5934 2390
5935 2329
5936 701
5937 2181
5938 2055
5939 1690
5940 2350
5941 740
5942 1286
5943 199
5944 331
5945 419
5946 372
5947 1222
5948 819
5949 1158
5950 1169
5951 1919
5952 920
5953 1646
5954 1491
5955 95
5956 205
5957 1960
5958 647
5959 1702
5960 1036
5961 1542
5962 216
5963 849
5964 30
5965 1137
5966 149
5967 1778
5968 1196
5969 1903
5970 2073
5971 1817
5972 205
5973 1096
5974 1123
5975 1598
5976 1837
5977 691
5978 681
5979 3
5980 916
5981 1359
5982 2459
5983 2433
5984 1734
5985 1715
5986 175
5987 2147
5988 701
5989 783
5990 221
5991 2193
5992 1024 1659
5993 1152
5994 416
5995 534
5996 1683
5997 959
5998 701
5999 1136
6000 1696
6001 1023
6002 1867
6003 635
6004 111
6005 2353
6006 75
6007 2292
6008 1286
6009 205
6010 1959
6011 1480
6012 1680
6013 621
6014 1713
6015 2303
6016 2490
6017 22
6018 2080
6019 1465
6020 1248
6021 900
6022 1480
6023 418
6024 2402
6025 64 935
6026 834
6027 2511
6028 927
6029 1939
6030 811
6031 456
6032 2361
6033 2169
6034 1928
6035 2431
6036 1989
6037 927
6038 2320
6039 1880
6040 23
6041 1002
6042 938
6043 2327
6044 910
6045 1637
6046 530
6047 490
6048 2124
6049 1989
6050 353
6051 1191
6052 2255
6053 410
6054 469
6055 153
6056 508
6057 2471
6058 2120
6059 2325
6060 1412
6061 2153
6062 1598
6063 1824
6064 1846
6065 1025
6066 1424
6067 205
6068 2019 390
6069 166 1531
6070 824
6071 280
6072 2272
6073 546
6074 582
6075 1217
6076 1162
6077 701
6078 2230
6079 372
6080 1329
6081 427
6082 124 621
6083 583
6084 1837
6085 492
6086 485
6087 156
6088 591
6089 2243
6090 1381
6091 1875
6092 684
6093 700
6094 1132
6095 1844
6096 1808
6097 1565
6098 1120
6099 1867 1596
6100 1005
6101 2236
6102 1257
6103 2312
6104 52
6105 1659
6106 530
6107 1064
6108 100
6109 2054
6110 2024
6111 2355
6112 1379
6113 1424
6114 188
6115 1827
6116 507
6117 178
6118 1769
6119 981
6120 1252
6121 1670
6122 719
6123 2493
6124 1465
6125 1152
6126 1803
6127 547
6128 1435
6129 84
6130 856
6131 1787
6132 2055
6133 2203
6134 1136
6135 940
6136 854
6137 1157
6138 1800
6139 1777
6140 554
6141 167
6142 1846
6143 1661
6144 2105
6145 616
6146 2363
6147 2414
6148 2357
6149 701
6150 776
6151 880
6152 1930
6153 1916
6154 26
6155 568
6156 454
6157 2433
6158 971
6159 2236
6160 1062
6161 94
6162 861
6163 505
6164 897
6165 2144
6166 1581
6167 2127
6168 929
6169 510
6170 2096
6171 1409 465
6172 2077
6173 2402
6174 1650
6175 1372
6176 1626
6177 1930
6178 1131
6179 28
6180 1441
6181 1386
6182 1867
6183 418
6184 1162
6185 1494
6186 2520
6187 295 2488
6188 2077
6189 1353
6190 286
6191 2098 396
6192 1214
6193 845
6194 292 814
6195 2105
6196 1768
6197 612
6198 576
6199 1058
6200 1869
6201 2078 2471
6202 1720
6203 808
6204 1909
6205 381
6206 1707
6207 1826
6208 1136
6209 2389
6210 1999
6211 90
6212 1002
6213 1282
6214 1394
6215 308
6216 289
6217 1136
6218 2092
6219 1424
6220 1837
6221 2507
6222 1916
6223 1839
6224 1447
6225 561
6226 1913
6227 2212
6228 501
6229 843
6230 875
6231 1496
6232 653
6233 1429
6234 2091
6235 1370
6236 1376
6237 1930
6238 1840
6239 211
6240 601
6241 1682
6242 926
6243 1329
6244 2345
6245 930 565
6246 2472
6247 5 489
6248 681
6249 316
6250 2253
6251 77
6252 311
6253 778
6254 846
6255 281
6256 1214
6257 1136
6258 1472
6259 1620 1212
6260 1168
6261 1735
6262 461
6263 2167
6264 1465
6265 2435
